version https://git-lfs.github.com/spec/v1
oid sha256:643a4845df5dc4917b270a76a50779373b6af4810ec61ab37adfd7400f9fe376
size 303136
